{"nbformat":4,"nbformat_minor":0,"metadata":{"colab":{"provenance":[],"authorship_tag":"ABX9TyN5E8vJwoSElCGfKOmtsGHs"},"kernelspec":{"name":"python3","display_name":"Python 3"},"language_info":{"name":"python"}},"cells":[{"cell_type":"code","execution_count":null,"metadata":{"colab":{"base_uri":"https://localhost:8080/"},"id":"WSZYmvGHDZU2","executionInfo":{"status":"ok","timestamp":1782647312821,"user_tz":-330,"elapsed":3379,"user":{"displayName":"Prateek Anand","userId":"16860658138457431546"}},"outputId":"da76e5b3-e792-458e-e5a2-3b318e7af3b3"},"outputs":[{"output_type":"stream","name":"stdout","text":["a: tensor([[0.4975, 0.9039, 0.8845, 0.9549, 0.3454, 0.0220, 0.4130, 0.6977, 0.3145,\n","         0.7643],\n","        [0.6882, 0.8854, 0.6982, 0.1200, 0.2579, 0.8291, 0.8538, 0.4782, 0.8350,\n","         0.2180],\n","        [0.4462, 0.0563, 0.7582, 0.9367, 0.5066, 0.7113, 0.2370, 0.5064, 0.1460,\n","         0.6218],\n","        [0.6219, 0.7953, 0.3195, 0.9787, 0.5034, 0.4808, 0.1296, 0.3366, 0.6087,\n","         0.1004],\n","        [0.4620, 0.7900, 0.0167, 0.8609, 0.1341, 0.1051, 0.0394, 0.1336, 0.1902,\n","         0.1806],\n","        [0.0432, 0.7469, 0.1807, 0.2574, 0.7045, 0.4836, 0.9742, 0.3089, 0.1525,\n","         0.1112],\n","        [0.1020, 0.8792, 0.6548, 0.4581, 0.2883, 0.6611, 0.9801, 0.6406, 0.6523,\n","         0.6263],\n","        [0.3099, 0.0295, 0.7497, 0.9815, 0.3826, 0.0758, 0.3982, 0.4004, 0.8461,\n","         0.5210],\n","        [0.7910, 0.4654, 0.9137, 0.5308, 0.8651, 0.6050, 0.6828, 0.5734, 0.4445,\n","         0.9120],\n","        [0.2209, 0.1834, 0.2742, 0.5384, 0.1006, 0.0323, 0.6834, 0.0189, 0.6009,\n","         0.6387]])\n"]}],"source":["#Creating 1st dummy tesnor.\n","import torch\n","a = torch.rand(10,10)\n","print(\"a:\", a)"]},{"cell_type":"code","source":["#Creating 2nd dummy tensor\n","b = torch.rand(10, 10)\n","print(\"b:\", b)"],"metadata":{"colab":{"base_uri":"https://localhost:8080/"},"id":"NNDvq2eBD2Ft","executionInfo":{"status":"ok","timestamp":1782647368832,"user_tz":-330,"elapsed":16,"user":{"displayName":"Prateek Anand","userId":"16860658138457431546"}},"outputId":"0d844dfc-0d8f-4228-f4d3-cd2ff354bf90"},"execution_count":null,"outputs":[{"output_type":"stream","name":"stdout","text":["b: tensor([[0.3565, 0.3222, 0.8947, 0.7917, 0.5778, 0.6864, 0.7028, 0.3143, 0.5090,\n","         0.5855],\n","        [0.8346, 0.5664, 0.2046, 0.3594, 0.4278, 0.8859, 0.6169, 0.4169, 0.5297,\n","         0.6663],\n","        [0.6063, 0.6439, 0.7476, 0.6572, 0.9343, 0.9108, 0.9970, 0.7336, 0.1258,\n","         0.0229],\n","        [0.5540, 0.8204, 0.1592, 0.4814, 0.2415, 0.4008, 0.6847, 0.2651, 0.0095,\n","         0.7532],\n","        [0.1065, 0.1249, 0.2968, 0.8325, 0.5366, 0.1811, 0.6089, 0.7527, 0.2242,\n","         0.5401],\n","        [0.8151, 0.1881, 0.7868, 0.4979, 0.8376, 0.2205, 0.9710, 0.2701, 0.7817,\n","         0.6009],\n","        [0.6880, 0.9342, 0.5493, 0.6172, 0.3824, 0.0272, 0.8647, 0.4036, 0.9779,\n","         0.5730],\n","        [0.4629, 0.5493, 0.8910, 0.1088, 0.7259, 0.8372, 0.9642, 0.1936, 0.1509,\n","         0.7856],\n","        [0.4485, 0.7222, 0.7548, 0.9770, 0.1446, 0.0036, 0.2289, 0.4667, 0.3292,\n","         0.7512],\n","        [0.3109, 0.3021, 0.6714, 0.3010, 0.6367, 0.2845, 0.3301, 0.9805, 0.2751,\n","         0.7695]])\n"]}]},{"cell_type":"code","source":["#Matrix multiplicatin of a and b --- a x b\n","result=torch.matmul(a , b )\n","print (result)"],"metadata":{"colab":{"base_uri":"https://localhost:8080/"},"id":"s7RomC2MEEdu","executionInfo":{"status":"ok","timestamp":1782647458655,"user_tz":-330,"elapsed":46,"user":{"displayName":"Prateek Anand","userId":"16860658138457431546"}},"outputId":"ebb8c8fb-a688-42f1-b644-bbb21785c3be"},"execution_count":null,"outputs":[{"output_type":"stream","name":"stdout","text":["tensor([[3.0375, 3.2995, 3.1622, 2.9264, 3.1313, 3.2118, 4.0287, 2.8991, 1.7699,\n","         3.4419],\n","        [3.4284, 3.1886, 3.7386, 3.4676, 3.2237, 2.6590, 4.2327, 2.5881, 2.8561,\n","         3.3967],\n","        [2.4748, 2.4222, 2.9458, 2.6298, 2.9594, 2.2786, 3.6767, 2.4132, 1.5582,\n","         2.8444],\n","        [2.6160, 2.5887, 2.5394, 2.8593, 2.3530, 2.3279, 3.2987, 2.0296, 1.6815,\n","         3.0724],\n","        [1.6415, 1.6521, 1.2525, 1.5182, 1.2429, 1.5897, 1.8679, 1.1520, 0.9471,\n","         1.9906],\n","        [2.2763, 2.1669, 1.9572, 2.1899, 2.0482, 1.5105, 2.9579, 1.8199, 2.0588,\n","         2.3931],\n","        [3.4487, 3.4165, 3.4613, 3.1172, 3.1988, 2.5704, 4.2193, 2.8341, 2.6279,\n","         3.5954],\n","        [2.2366, 2.8269, 2.7371, 2.8502, 2.2949, 1.8983, 3.0581, 2.3722, 1.2937,\n","         2.7889],\n","        [3.3219, 3.3136, 4.1372, 3.8636, 3.9313, 3.0500, 4.7778, 3.5565, 2.5876,\n","         3.9022],\n","        [1.6804, 2.0877, 1.8557, 1.9832, 1.4419, 1.0232, 1.9606, 1.7604, 1.3416,\n","         2.0863]])\n"]}]},{"cell_type":"code","source":["#Converting 2d tensor to 1d an doing dot product --- a.b\n","A1=torch.flatten(a)\n","B1=torch.flatten(b)\n","Dot_product=torch.dot(A1 , B1 )\n","print(\"Dot_prodect is :\", Dot_product)"],"metadata":{"colab":{"base_uri":"https://localhost:8080/"},"id":"oy8dRLnsEbDC","executionInfo":{"status":"ok","timestamp":1782647924208,"user_tz":-330,"elapsed":50,"user":{"displayName":"Prateek Anand","userId":"16860658138457431546"}},"outputId":"05c0faf5-f037-4e9a-b502-f085744c4a6b"},"execution_count":null,"outputs":[{"output_type":"stream","name":"stdout","text":["Dot_prodect is : tensor(26.4600)\n"]}]},{"cell_type":"code","source":["#Creating another dummy data set, reshaping dummy data in two different sizes\n","test = torch.tensor([4,4,2,5])\n","print(\"test:\",test)\n","c=test.reshape(2,2)\n","print(\"c:\" , c)\n","d=test.reshape(4,1)\n","print(\"d:\", d)"],"metadata":{"colab":{"base_uri":"https://localhost:8080/"},"id":"HtTt0hT9G6Hp","executionInfo":{"status":"ok","timestamp":1782649957693,"user_tz":-330,"elapsed":12,"user":{"displayName":"Prateek Anand","userId":"16860658138457431546"}},"outputId":"55400282-5ec8-4614-a430-319b6d38d587"},"execution_count":37,"outputs":[{"output_type":"stream","name":"stdout","text":["test: tensor([4, 4, 2, 5])\n","c: tensor([[4, 4],\n","        [2, 5]])\n","d: tensor([[4],\n","        [4],\n","        [2],\n","        [5]])\n"]}]},{"cell_type":"code","source":["#Usuing torch.argmax() function to find maximum probability\n","Finding_max_value=torch.argmax(test)\n","print(\"the max is:\" , Finding_max_value)"],"metadata":{"colab":{"base_uri":"https://localhost:8080/"},"id":"DtdOaid5Jvbq","executionInfo":{"status":"ok","timestamp":1782649962834,"user_tz":-330,"elapsed":28,"user":{"displayName":"Prateek Anand","userId":"16860658138457431546"}},"outputId":"ac0de33b-d17c-43f5-b72f-562ff45c4b78"},"execution_count":39,"outputs":[{"output_type":"stream","name":"stdout","text":["the max is: tensor(3)\n"]}]},{"cell_type":"code","source":["#Usuing torch.mean() function to find the loss\n","mean=torch.mean(test.float())\n","print(\"the mean is:\", mean)"],"metadata":{"colab":{"base_uri":"https://localhost:8080/"},"id":"HZ46pFGXKkyX","executionInfo":{"status":"ok","timestamp":1782649995687,"user_tz":-330,"elapsed":44,"user":{"displayName":"Prateek Anand","userId":"16860658138457431546"}},"outputId":"ca73125f-cd3f-4e25-bfbd-ead1300679a1"},"execution_count":40,"outputs":[{"output_type":"stream","name":"stdout","text":["the mean is: tensor(3.7500)\n"]}]}]}